0.15009458143524568 0.15009458143524568
0.3610685794860746 4.361068579486075
0.05362992030633684 7.946370079693663
0.46493048206979726 11.535069517930204
0.49245826616210797 16.492458266162107
0.8416018411753339 20.841601841175333
0.581109339202964 24.581109339202964
0.2318363551765834 28.231836355176583
0.09328025665156914 31.906719743348432
0.8341665516292782 36.83416655162928
0.16020395713551316 39.839796042864485
0.8478817922079702 44.84788179220797
0.8581564039943723 47.14184359600563
0.8253883182716242 52.82538831827162
0.12057031958014197 55.87942968041986
0.6017679694266194 59.39823203057338
0.024813755353108702 63.97518624464689
0.46252557384092197 68.46252557384092
0.7281404400580038 72.728140440058
0.890902100527734 75.10909789947226
0.5041025731636215 80.50410257316362
0.04417953290503207 84.04417953290503
0.20066214802907667 88.20066214802908
0.3554287676245438 92.35542876762455
0.1120233298970692 96.11202332989707
4.510239003003561 0.5102390030035615
4.637666956251819 3.3623330437481806
4.5771451220644535 7.4228548779355465
3.463567803327715 12.536432196672285
3.565276559575018 16.434723440424982
4.528049595592634 19.471950404407366
3.4606810196571134 24.539318980342887
4.809668257595557 27.190331742404442
3.0127575189752616 32.98724248102474
3.402007562426501 36.597992437573495
4.6949322591452445 39.30506774085475
4.591249969174008 43.40875003082599
4.773867162055329 47.22613283794467
4.016942384052068 51.983057615947935
4.225282192199451 55.77471780780055
3.4565807405438402 60.54341925945616
3.623374652907499 64.3766253470925
4.323667577866145 67.67633242213385
4.0098104452166154 71.99018955478338
4.9511820340138515 75.04881796598615
4.701420483323305 79.2985795166767
4.447776154567784 83.55222384543221
4.616344745581998 87.383655254418
4.10431871386879 91.89568128613121
3.8340978960268366 96.16590210397317
7.843882231071679 0.15611776892832085
7.785405756501687 4.214594243498313
7.685480040627487 8.314519959372513
7.24939824149336 12.75060175850664
7.404413603182623 16.595586396817378
7.8188591330484245 20.181140866951576
7.167110024904394 24.832889975095604
7.0119350000982665 28.988064999901734
8.44058084324918 31.55941915675082
7.22761107360485 36.77238892639515
7.776883149938902 40.223116850061096
8.414345827525672 43.58565417247433
7.911603040015565 48.088396959984436
8.938827875891672 51.061172124108325
7.23191669895661 56.76808330104339
8.49398394615247 59.50601605384753
7.677210482285048 64.32278951771495
8.634947993007634 67.36505200699237
8.573043975195503 71.4269560248045
8.668052746647444 75.33194725335255
8.856495871871743 79.14350412812826
8.82682118371988 83.17317881628013
7.134693677304362 88.86530632269564
8.988614996781962 91.01138500321804
7.760267737528496 96.2397322624715
12.088208409500277 0.08820840950027686
12.915130011457778 3.0848699885422217
12.07953482574763 7.920465174252371
11.472471543341852 12.527528456658148
12.080375537346367 15.919624462653633
12.237874020197124 19.762125979802878
12.921619651598123 23.07838034840188
12.921965715811078 27.07803428418892
12.997816064903231 31.002183935096767
11.637586385611133 36.36241361438886
12.48759176190242 39.51240823809758
11.92592821919547 44.07407178080453
12.994786954686381 47.00521304531362
11.535059297132786 52.46494070286721
11.772676091241818 56.22732390875818
12.71325128316628 59.28674871683372
11.74998158542889 64.25001841457112
12.129995145252797 67.87000485474721
11.832594541666092 72.1674054583339
11.609835348944818 76.39016465105519
12.93036929340042 79.06963070659958
12.966544612099536 83.03345538790046
12.98798284671302 87.01201715328698
11.91104253471518 92.08895746528482
12.04071517760007 95.95928482239994
15.437811593587313 0.5621884064126879
15.239020203832009 4.760979796167992
16.735707559145307 7.2642924408546925
15.271903977822376 12.728096022177624
16.03611422631082 15.963885773689181
16.5520265663788 19.4479734336212
15.061920971621442 24.938079028378557
15.283031596991627 28.716968403008373
15.092049834218438 32.907950165781564
15.222328573513433 36.77767142648656
15.415015575541283 40.58498442445872
16.655027421095713 43.34497257890428
16.121016132790704 47.87898386720929
16.662684325021164 51.33731567497884
16.36196983152725 55.638030168472746
16.814704762591774 59.185295237408226
16.520732196595837 63.47926780340416
15.636999930024503 68.3630000699755
15.670985885899134 72.32901411410087
16.974066693039184 75.02593330696081
16.266031309618988 79.733968690381
16.028184020647913 83.97181597935209
15.655232547038224 88.34476745296178
16.374189427881234 91.62581057211877
15.511423795790696 96.48857620420931
19.128272542570485 0.8717274574295149
19.24171740317376 4.758282596826242
19.44329784841773 8.556702151582272
19.707352197141113 12.292647802858886
19.791698894725396 16.208301105274604
19.160271083344433 20.839728916655567
20.351096032589236 23.648903967410764
19.487658147216074 28.512341852783926
20.420107177810802 31.579892822189198
19.83886546316965 36.16113453683035
19.468996341628817 40.53100365837118
20.345466883882818 43.65453311611718
20.89381474306017 47.10618525693983
19.394368431693866 52.60563156830614
20.664709496116664 55.335290503883336
20.87132306716718 59.128676932832825
19.163861597180286 64.83613840281971
20.405179630579983 67.59482036942002
20.548857529722856 71.45114247027715
20.850046848020174 75.14995315197983
20.348101890175155 79.65189810982484
20.282758708277782 83.71724129172222
19.283169466331607 88.7168305336684
20.065378457499317 91.93462154250068
19.65380655065729 96.3461934493427
24.57974382517293 0.5797438251729308
24.582720877951097 3.4172791220489023
24.96199249437832 7.038007505621682
23.976629044833647 12.023370955166353
23.67898538854356 16.32101461145644
23.20251969116684 20.79748030883316
23.307793712921953 24.692206287078047
24.893313956952102 27.106686043047898
23.654455600029845 32.34554439997015
24.910609797695017 35.08939020230498
24.72519191141655 39.27480808858345
24.335582613949686 43.66441738605032
24.62062785716281 47.37937214283719
23.11608214134665 52.88391785865335
23.235255846590913 56.76474415340908
24.58907732251103 59.41092267748897
24.999837474871676 63.000162525128324
24.16948587005991 67.83051412994008
24.665525021466536 71.33447497853346
24.700184795098007 75.29981520490199
24.874961235830465 79.12503876416953
23.77209480286404 84.22790519713595
24.893960836385002 87.106039163615
23.63520390617908 92.36479609382093
23.88285329516847 96.11714670483153
28.827483331943586 0.8274833319435848
28.81255206019486 3.187447939805141
27.839477981347695 8.160522018652305
27.5323227310006 12.467677268999399
27.63809987225466 16.36190012774534
27.43577989357049 20.56422010642951
27.477260154083304 24.522739845916696
27.96781816962716 28.03218183037284
28.699550834683535 31.300449165316465
27.353411746826332 36.64658825317367
27.195278060750745 40.804721939249255
27.26832889703092 44.73167110296908
27.361149592798537 48.63885040720146
27.98568965437061 52.01431034562939
27.514568436597354 56.48543156340264
28.241113668946763 59.75888633105324
27.405659140480985 64.59434085951902
28.84191673275143 67.15808326724857
27.869395425626475 72.13060457437352
28.61744945530426 75.38255054469575
28.853875914079715 79.14612408592028
28.45418767129759 83.54581232870241
27.12851763242453 88.87148236757547
27.308223045124087 92.69177695487592
28.727996737341364 95.27200326265864
31.921597261596517 0.07840273840348355
32.74721717620489 3.252782823795109
32.0493712434626 7.950628756537395
31.63763099046231 12.362369009537693
31.7936376284724 16.2063623715276
31.092633292983884 20.907366707016116
31.99740871767052 24.00259128232948
32.45770161330792 27.54229838669208
32.625829896914084 31.374170103085916
32.78423545329055 35.21576454670945
31.878017945486448 40.12198205451355
32.609776799264296 43.390223200735704
32.76502751062652 47.23497248937348
31.67023306478021 52.329766935219794
31.840172625983577 56.15982737401642
31.485264442510303 60.51473555748969
31.645802637355068 64.35419736264494
31.107425103032156 68.89257489696784
32.573266678219056 71.42673332178094
31.884456667453506 76.1155433325465
31.5152318886698 80.4847681113302
31.409889617816024 84.59011038218398
32.7006933134503 87.2993066865497
31.915640866701715 92.08435913329828
32.26256742120298 95.73743257879701
36.52073507021207 0.5207350702120677
35.464998645820266 4.535001354179733
36.33147196175501 7.668528038244991
35.84503794447003 12.154962055529973
35.85680650358028 16.14319349641972
35.310001157128355 20.689998842871645
35.82671044607804 24.173289553921965
36.72172793904139 27.278272060958603
35.38044872496266 32.61955127503734
36.06993710525017 35.93006289474983
36.40749456536597 39.59250543463403
36.955490756488835 43.044509243511165
36.356778119823495 47.643221880176505
35.35643967415503 52.64356032584497
36.88106313240199 55.11893686759801
35.403303226275305 60.596696773724695
35.13778626674107 64.86221373325894
35.7152689715855 68.2847310284145
35.69823295679408 72.30176704320591
36.248168696033865 75.75183130396613
36.09918268328104 79.90081731671896
36.551096910105876 83.44890308989412
36.966514041025654 87.03348595897434
36.0617475366718 91.9382524633282
35.114270614067294 96.8857293859327
39.23060000884897 0.7693999911510352
40.035525267391556 3.964474732608444
39.436575356273295 8.563424643726707
40.47991075600615 11.52008924399385
40.63532911517191 15.364670884828085
40.035092387388055 19.96490761261195
40.07405284183277 23.92594715816723
40.93197507984777 27.068024920152233
40.06305847474036 31.936941525259638
39.53699835375905 36.46300164624095
40.92516947651267 39.07483052348733
39.556594811581924 44.443405188418076
40.74479597473533 47.25520402526467
39.72222388116249 52.27777611883751
40.902031615910026 55.097968384089974
39.79335368622386 60.20664631377614
39.21829544283239 64.78170455716761
40.618911870611655 67.38108812938835
39.50345931007613 72.49654068992386
39.823322564573346 76.17667743542665
40.883901508332265 79.11609849166773
40.020964134482654 83.97903586551735
40.64186169845605 87.35813830154396
39.14010665963136 92.85989334036864
39.67409406441095 96.32590593558905
43.893092462282276 0.10690753771772332
44.63824519261568 3.3617548073843198
44.30704318003539 7.692956819964606
43.35603516220774 12.64396483779226
43.573437006632574 16.426562993367426
43.01614978486802 20.98385021513198
43.72175908869453 24.278240911305467
44.639422813132796 27.360577186867204
44.32202988404963 31.677970115950373
43.913763705799 36.086236294201
43.62265003338787 40.37734996661213
44.92675206050215 43.07324793949785
44.52041322592968 47.47958677407032
43.119369706131216 52.880630293868784
43.922191649434836 56.077808350565164
43.3697499814006 60.6302500185994
43.519870481877874 64.48012951812213
44.60801551250664 67.39198448749336
44.354329125635985 71.64567087436401
43.57227279329789 76.42772720670212
43.98193314851394 80.01806685148607
43.404292771817936 84.59570722818206
44.18775616391115 87.81224383608885
43.573548977433326 92.42645102256668
44.7456512745888 95.25434872541119
47.45062922971163 0.549370770288367
48.981055386223616 3.018944613776381
48.93242916473663 7.067570835263366
47.34807329967872 12.651926700321281
48.46975884312018 15.530241156879818
47.70621290029266 20.293787099707334
47.51876194287846 24.48123805712154
47.19011714223194 28.80988285776806
47.68200396965681 32.31799603034319
48.90018597215215 35.09981402784785
48.608767888657965 39.391232111342035
48.333769172415224 43.666230827584776
47.2844834745037 48.7155165254963
47.50918215534582 52.49081784465418
47.6034602217714 56.3965397782286
47.41805166639513 60.58194833360487
48.64987803158595 63.35012196841405
48.88522055994823 67.11477944005176
48.5362477416135 71.46375225838649
47.00644540498462 76.99355459501538
47.26962307316099 80.73037692683901
48.64640092765026 83.35359907234974
48.67593493515292 87.32406506484708
48.33713064326322 91.66286935673678
47.41377345385525 96.58622654614474
51.59695628965168 0.40304371034831865
52.76820755613842 3.2317924438615817
52.930627511873226 7.069372488126777
51.89543146235989 12.104568537640109
51.361727032892304 16.638272967107696
52.20261244657588 19.797387553424123
52.402979990879835 23.597020009120165
51.92683700861479 28.07316299138521
52.63324086171622 31.366759138283783
52.078393396621166 35.921606603378834
51.86510046342347 40.13489953657653
52.35360922072444 43.64639077927556
51.31857340460407 48.68142659539593
52.497037024262546 51.502962975737454
51.18460113844327 56.81539886155673
52.145900442262146 59.854099557737854
52.07702524271967 63.92297475728033
52.278446182332125 67.72155381766787
51.67710703040246 72.32289296959753
51.51095547315976 76.48904452684025
52.13292889030379 79.86707110969621
51.2446206576232 84.7553793423768
51.27997712776634 88.72002287223366
52.42236057154495 91.57763942845504
51.252205823311506 96.74779417668849
55.017254619242514 0.9827453807574857
56.54623103306051 3.4537689669394918
56.440539181118325 7.559460818881675
55.480606837449756 12.519393162550243
55.93356150238242 16.066438497617582
55.12721074381141 20.87278925618859
55.79548223656757 24.204517763432428
55.24680177188987 28.753198228110126
56.62586793062958 31.374132069370418
55.80076648313884 36.19923351686116
55.67355787447271 40.32644212552729
56.952677854985424 43.047322145014576
55.99589855655511 48.00410144344489
55.3553642676487 52.6446357323513
56.2793999901197 55.7206000098803
56.42006084567902 59.57993915432098
55.27028798967454 64.72971201032546
55.283600796236676 68.71639920376333
56.96494617740937 71.03505382259063
55.05125503143602 76.94874496856397
55.58646236007022 80.41353763992979
56.097828651772716 83.90217134822728
55.55373888467476 88.44626111532524
56.16227267101997 91.83772732898002
56.682530102588515 95.31746989741148
59.39154904970894 0.6084509502910549
59.48557265209652 4.514427347903474
60.92292622345517 7.077073776544827
59.45325003568719 12.546749964312806
59.7555856446492 16.2444143553508
60.62552847341442 19.37447152658558
59.0539610252458 24.946038974754206
60.976999678168376 27.02300032183162
59.05222099592024 32.94777900407976
59.20127559717265 36.79872440282735
59.43227893638333 40.56772106361667
59.81096668227738 44.18903331772262
60.23922569758741 47.76077430241259
60.715663502626505 51.284336497373495
59.72719797782168 56.27280202217832
59.463544838524534 60.536455161475466
59.48361366992164 64.51638633007836
59.47281226086911 68.5271877391309
60.47094595831848 71.52905404168152
60.757707402759785 75.24229259724021
60.353602698005346 79.64639730199465
60.12893338458581 83.8710666154142
60.286251596282035 87.71374840371796
59.49426642973017 92.50573357026984
59.754874156463764 96.24512584353623
63.63841172429618 0.3615882757038198
64.9181888604178 3.0818111395822045
64.94103219914469 7.058967800855319
63.48325711623873 12.516742883761266
64.50174394770268 15.498256052297327
63.125843492619204 20.874156507380793
63.03411321557096 24.96588678442904
63.12394977851172 28.87605022148828
63.10133786866518 32.89866213133482
64.19992153732869 35.80007846267131
64.25046763916669 39.749532360833314
64.1907874025682 43.809212597431795
64.05971327339485 47.94028672660515
63.67432803546685 52.32567196453315
64.48495186292293 55.51504813707708
63.67773321987122 60.32226678012878
63.3899888368952 64.6100111631048
64.88600466859134 67.11399533140866
63.50327021021693 72.49672978978306
64.54860851381493 75.45139148618507
63.767586564800865 80.23241343519913
64.94411160144564 83.05588839855436
63.31216213389786 88.68783786610214
63.19234533468871 92.80765466531129
64.28298531028722 95.71701468971278
67.33653619486182 0.6634638051381745
68.10165094966625 3.898349050333753
68.82170573350079 7.178294266499207
67.94082937707705 12.059170622922942
67.70961940883998 16.290380591160012
68.21258952663088 19.78741047336913
67.54026525358621 24.459734746413783
67.04540391233948 28.954596087660526
68.33816040192363 31.661839598076373
68.47236707359586 35.52763292640413
68.08052461300927 39.919475386990726
68.05860319012561 43.9413968098744
67.98438405170927 48.01561594829073
67.24390248140269 52.75609751859731
67.12849800781098 56.871501992189025
67.24073746177758 60.759262538222416
68.53678966541649 63.46321033458351
68.27156249678089 67.72843750321911
68.09312459839973 71.90687540160027
68.35840764894745 75.64159235105255
67.76058399073302 80.23941600926698
68.42751025595348 83.57248974404652
67.32631801165402 88.67368198834598
67.91900364582527 92.08099635417473
68.52214260373955 95.47785739626045
71.14709076614565 0.8529092338543498
72.86256340598135 3.1374365940186544
72.30983718281824 7.690162817181756
72.98461354093227 11.01538645906773
71.69145613851039 16.308543861489603
71.31573300424381 20.684266995756182
72.76268892907198 23.23731107092801
71.14160523789191 28.858394762108095
72.46032755363952 31.53967244636048
71.7202336839795 36.27976631602049
72.86240220952793 39.137597790472064
72.23647124314793 43.76352875685207
72.01541282956019 47.98458717043981
71.33157561973022 52.66842438026978
72.1901859583392 55.80981404166079
72.06903659012588 59.930963409874124
72.43286936603306 63.56713063396693
72.12304729641835 67.87695270358165
72.99251859698929 71.00748140301071
72.4437199034177 75.5562800965823
71.5814469424668 80.4185530575332
71.2786450783784 84.7213549216216
72.28068168166851 87.71931831833149
72.50586170935307 91.49413829064693
72.43510618779636 95.56489381220364
76.22283935597767 0.22283935597766513
75.2164303582206 4.783569641779389
76.80189508022302 7.198104919776986
76.47274076218675 11.52725923781325
75.25442013339769 16.745579866602306
75.13202375574052 20.867976244259484
75.22210523855784 24.77789476144215
75.93796451581477 28.062035484185227
75.61901973246472 32.380980267535286
76.8577469550272 35.1422530449728
75.22559042491285 40.77440957508715
75.08513916690237 44.91486083309763
76.50340681833377 47.49659318166623
76.30532897264693 51.694671027353074
76.70130970182504 55.29869029817496
75.11889878232722 60.881101217672786
76.10561668985078 63.89438331014922
76.86831046961102 67.13168953038898
75.23199028664808 72.76800971335192
75.22917187619558 76.77082812380442
76.03143291781444 79.96856708218556
76.55586779374494 83.44413220625506
75.22583464975868 88.77416535024132
75.22097861881468 92.77902138118532
75.44750379518811 96.55249620481189
80.97210593744813 0.9721059374481393
79.92231675860165 4.077683241398344
79.98890375044952 8.011096249550484
80.18616323129318 11.813836768706818
79.75024925019119 16.249750749808804
80.34672739386143 19.653272606138575
79.02992553814158 24.97007446185841
79.15451412632771 28.845485873672285
79.49937276024102 32.500627239758984
79.31785177385343 36.68214822614656
80.22027856712893 39.779721432871064
79.54249371797782 44.45750628202218
80.53375999500832 47.46624000499168
80.56677249322952 51.43322750677048
80.96121652015135 55.03878347984865
80.44120352147156 59.55879647852844
79.85865555917574 64.14134444082426
79.39547172443261 68.60452827556739
80.51961979430435 71.48038020569565
79.09843758694473 76.90156241305527
79.70035069908515 80.29964930091485
80.06532919464831 83.93467080535169
80.14859134113335 87.85140865886665
79.08421249506343 92.91578750493657
80.80828177255871 95.19171822744129
84.56558735449018 0.5655873544901722
84.5115043845688 3.4884956154312023
84.3351841433813 7.6648158566187
84.53344212046481 11.466557879535188
83.23382451023895 16.766175489761057
83.23468164996932 20.765318350030682
84.2574291014815 23.74257089851849
83.0031569872848 28.996843012715203
84.03473368784121 31.96526631215879
84.01545884353347 35.98454115646653
84.47594301008453 39.52405698991547
83.78647402381456 44.21352597618544
84.88565210574752 47.11434789425248
84.17994901984628 51.82005098015372
84.28363777455559 55.71636222544441
84.98413951835832 59.01586048164168
84.99647733102586 63.003522668974135
84.52090460044212 67.47909539955788
84.27523696912242 71.72476303087758
84.06019115057263 75.93980884942737
84.96869299878857 79.03130700121143
84.9689669266161 83.0310330733839
84.22591748615967 87.77408251384033
84.07010232126645 91.92989767873355
84.69649978689584 95.30350021310416
87.51021420298586 0.4897857970141397
87.77169145922886 4.228308540771137
87.541844672345 8.45815532765501
88.74987396112331 11.250126038876683
87.49961626056995 16.50038373943005
88.45847026885018 19.541529731149822
87.94802142221735 24.051978577782652
87.44842851382958 28.55157148617042
88.4513972487637 31.548602751236306
87.42201546199865 36.577984538001346
87.30891961716317 40.69108038283683
87.65027946400622 44.34972053599378
87.73894255079843 48.26105744920157
87.53478879267756 52.46521120732244
88.96475894849468 55.035241051505324
88.37632599243823 59.62367400756178
88.95399700600281 63.0460029939972
88.35455573340258 67.64544426659742
88.63998808148303 71.36001191851697
87.73232854301708 76.26767145698292
88.10145664464463 79.89854335535537
87.68989174887551 84.31010825112449
87.61327155926249 88.38672844073751
88.9681787182029 91.0318212817971
87.83782077121518 96.16217922878482
92.40717693974074 0.4071769397407312
91.50449703151335 4.495502968486653
92.2278068437684 7.772193156231589
92.79767440982829 11.20232559017171
91.33826122113892 16.661738778861082
92.61639765807665 19.38360234192335
91.69150210027861 24.308497899721385
92.24460372732706 27.755396272672932
91.96094683513945 32.03905316486054
91.23804241115532 36.76195758884467
92.36821129910648 39.631788700893516
92.00985967715958 43.990140322840425
91.67737813596848 48.32262186403151
91.29563555510958 52.70436444489041
92.60989120894288 55.390108791057116
91.37128729824836 60.62871270175164
92.713944500481 63.28605549951899
91.63927826662376 68.36072173337624
92.30792600263698 71.69207399736302
92.99810095234419 75.00189904765581
92.0908806031128 79.9091193968872
91.78650159522056 84.21349840477944
91.20349445625955 88.79650554374045
91.56302833812477 92.43697166187523
92.22477243211848 95.77522756788152
95.29401105521698 0.7059889447830201
95.62649008563493 4.3735099143650675
96.90040276725321 7.099597232746785
96.76221974199653 11.23778025800347
96.58829660859901 15.411703391400989
96.14875464301508 19.851245356984926
95.38310359245877 24.616896407541237
95.8348021434326 28.165197856567396
95.97005479368046 32.02994520631953
96.66766280989194 35.33233719010807
95.34448899595156 40.655511004048435
95.90955637802281 44.09044362197719
96.49366875317551 47.50633124682449
95.7524912705534 52.247508729446594
96.2332442071151 55.76675579288489
95.04941458488778 60.950585415112215
95.36654007195055 64.63345992804945
95.1341911698852 68.8658088301148
96.03833695327272 71.96166304672728
96.31703986435997 75.68296013564003
95.75210090036398 80.24789909963602
96.06784483339939 83.93215516660061
95.12968101991672 88.87031898008328
96.0312219323497 91.9687780676503
96.89592753024667 95.10407246975333
